
Mediation Sensitivity Analysis for Average Direct Effect

Sensitivity Region

         Rho    ADE 95% CI Lower 95% CI Upper R^2_M*R^2_Y* R^2_M~R^2_Y~
  [1,] -0.99 0.0016      -0.0351       0.0383       0.9801       0.6335
  [2,] -0.98 0.0027      -0.0233       0.0287       0.9604       0.6208
  [3,] -0.97 0.0032      -0.0181       0.0245       0.9409       0.6082
  [4,] -0.96 0.0035      -0.0150       0.0220       0.9216       0.5957
  [5,] -0.95 0.0037      -0.0129       0.0203       0.9025       0.5834
  [6,] -0.94 0.0039      -0.0113       0.0191       0.8836       0.5712
  [7,] -0.93 0.0040      -0.0101       0.0181       0.8649       0.5591
  [8,] -0.92 0.0041      -0.0091       0.0173       0.8464       0.5471
  [9,] -0.91 0.0042      -0.0083       0.0167       0.8281       0.5353
 [10,] -0.90 0.0043      -0.0076       0.0161       0.8100       0.5236
 [11,] -0.89 0.0043      -0.0070       0.0157       0.7921       0.5120
 [12,] -0.88 0.0044      -0.0065       0.0153       0.7744       0.5006
 [13,] -0.87 0.0044      -0.0061       0.0149       0.7569       0.4893
 [14,] -0.86 0.0045      -0.0057       0.0146       0.7396       0.4781
 [15,] -0.85 0.0045      -0.0053       0.0143       0.7225       0.4670
 [16,] -0.84 0.0045      -0.0050       0.0141       0.7056       0.4561
 [17,] -0.83 0.0046      -0.0047       0.0139       0.6889       0.4453
 [18,] -0.82 0.0046      -0.0045       0.0136       0.6724       0.4346
 [19,] -0.81 0.0046      -0.0042       0.0135       0.6561       0.4241
 [20,] -0.80 0.0046      -0.0040       0.0133       0.6400       0.4137
 [21,] -0.79 0.0047      -0.0038       0.0131       0.6241       0.4034
 [22,] -0.78 0.0047      -0.0036       0.0130       0.6084       0.3933
 [23,] -0.77 0.0047      -0.0034       0.0128       0.5929       0.3832
 [24,] -0.76 0.0047      -0.0032       0.0127       0.5776       0.3734
 [25,] -0.75 0.0048      -0.0031       0.0126       0.5625       0.3636
 [26,] -0.74 0.0048      -0.0029       0.0125       0.5476       0.3540
 [27,] -0.73 0.0048      -0.0028       0.0124       0.5329       0.3445
 [28,] -0.72 0.0048      -0.0027       0.0123       0.5184       0.3351
 [29,] -0.71 0.0048      -0.0025       0.0122       0.5041       0.3258
 [30,] -0.70 0.0048      -0.0024       0.0121       0.4900       0.3167
 [31,] -0.69 0.0048      -0.0023       0.0120       0.4761       0.3077
 [32,] -0.68 0.0049      -0.0022       0.0119       0.4624       0.2989
 [33,] -0.67 0.0049      -0.0021       0.0119       0.4489       0.2902
 [34,] -0.66 0.0049      -0.0020       0.0118       0.4356       0.2816
 [35,] -0.65 0.0049      -0.0019       0.0117       0.4225       0.2731
 [36,] -0.64 0.0049      -0.0018       0.0117       0.4096       0.2648
 [37,] -0.63 0.0049      -0.0017       0.0116       0.3969       0.2566
 [38,] -0.62 0.0049      -0.0017       0.0115       0.3844       0.2485
 [39,] -0.61 0.0049      -0.0016       0.0115       0.3721       0.2405
 [40,] -0.60 0.0050      -0.0015       0.0114       0.3600       0.2327
 [41,] -0.59 0.0050      -0.0014       0.0114       0.3481       0.2250
 [42,] -0.58 0.0050      -0.0014       0.0113       0.3364       0.2174
 [43,] -0.57 0.0050      -0.0013       0.0113       0.3249       0.2100
 [44,] -0.56 0.0050      -0.0013       0.0113       0.3136       0.2027
 [45,] -0.55 0.0050      -0.0012       0.0112       0.3025       0.1955
 [46,] -0.54 0.0050      -0.0011       0.0112       0.2916       0.1885
 [47,] -0.53 0.0050      -0.0011       0.0111       0.2809       0.1816
 [48,] -0.52 0.0050      -0.0010       0.0111       0.2704       0.1748
 [49,] -0.51 0.0050      -0.0010       0.0111       0.2601       0.1681
 [50,] -0.50 0.0051      -0.0009       0.0110       0.2500       0.1616
 [51,] -0.49 0.0051      -0.0009       0.0110       0.2401       0.1552
 [52,] -0.48 0.0051      -0.0008       0.0110       0.2304       0.1489
 [53,] -0.47 0.0051      -0.0008       0.0109       0.2209       0.1428
 [54,] -0.46 0.0051      -0.0008       0.0109       0.2116       0.1368
 [55,] -0.45 0.0051      -0.0007       0.0109       0.2025       0.1309
 [56,] -0.44 0.0051      -0.0007       0.0109       0.1936       0.1251
 [57,] -0.43 0.0051      -0.0006       0.0108       0.1849       0.1195
 [58,] -0.42 0.0051      -0.0006       0.0108       0.1764       0.1140
 [59,] -0.41 0.0051      -0.0006       0.0108       0.1681       0.1087
 [60,] -0.40 0.0051      -0.0005       0.0108       0.1600       0.1034
 [61,] -0.39 0.0051      -0.0005       0.0108       0.1521       0.0983
 [62,] -0.38 0.0051      -0.0005       0.0107       0.1444       0.0933
 [63,] -0.37 0.0051      -0.0004       0.0107       0.1369       0.0885
 [64,] -0.36 0.0052      -0.0004       0.0107       0.1296       0.0838
 [65,] -0.35 0.0052      -0.0004       0.0107       0.1225       0.0792
 [66,] -0.34 0.0052      -0.0003       0.0107       0.1156       0.0747
 [67,] -0.33 0.0052      -0.0003       0.0107       0.1089       0.0704
 [68,] -0.32 0.0052      -0.0003       0.0106       0.1024       0.0662
 [69,] -0.31 0.0052      -0.0003       0.0106       0.0961       0.0621
 [70,] -0.30 0.0052      -0.0002       0.0106       0.0900       0.0582
 [71,] -0.29 0.0052      -0.0002       0.0106       0.0841       0.0544
 [72,] -0.28 0.0052      -0.0002       0.0106       0.0784       0.0507
 [73,] -0.27 0.0052      -0.0002       0.0106       0.0729       0.0471
 [74,] -0.26 0.0052      -0.0001       0.0106       0.0676       0.0437
 [75,] -0.25 0.0052      -0.0001       0.0106       0.0625       0.0404
 [76,] -0.24 0.0052      -0.0001       0.0106       0.0576       0.0372
 [77,] -0.23 0.0052      -0.0001       0.0106       0.0529       0.0342
 [78,] -0.22 0.0052      -0.0001       0.0106       0.0484       0.0313
 [79,] -0.21 0.0052      -0.0001       0.0105       0.0441       0.0285
 [80,] -0.20 0.0053       0.0000       0.0105       0.0400       0.0259
 [81,] -0.19 0.0053       0.0000       0.0105       0.0361       0.0233
 [82,] -0.18 0.0053       0.0000       0.0105       0.0324       0.0209
 [83,]  0.38 0.0056       0.0000       0.0112       0.1444       0.0933
 [84,]  0.39 0.0056       0.0000       0.0112       0.1521       0.0983
 [85,]  0.40 0.0056      -0.0001       0.0113       0.1600       0.1034
 [86,]  0.41 0.0056      -0.0001       0.0113       0.1681       0.1087
 [87,]  0.42 0.0056      -0.0001       0.0113       0.1764       0.1140
 [88,]  0.43 0.0056      -0.0001       0.0114       0.1849       0.1195
 [89,]  0.44 0.0056      -0.0001       0.0114       0.1936       0.1251
 [90,]  0.45 0.0056      -0.0002       0.0114       0.2025       0.1309
 [91,]  0.46 0.0056      -0.0002       0.0115       0.2116       0.1368
 [92,]  0.47 0.0056      -0.0002       0.0115       0.2209       0.1428
 [93,]  0.48 0.0057      -0.0002       0.0116       0.2304       0.1489
 [94,]  0.49 0.0057      -0.0003       0.0116       0.2401       0.1552
 [95,]  0.50 0.0057      -0.0003       0.0117       0.2500       0.1616
 [96,]  0.51 0.0057      -0.0003       0.0117       0.2601       0.1681
 [97,]  0.52 0.0057      -0.0004       0.0118       0.2704       0.1748
 [98,]  0.53 0.0057      -0.0004       0.0118       0.2809       0.1816
 [99,]  0.54 0.0057      -0.0004       0.0119       0.2916       0.1885
[100,]  0.55 0.0057      -0.0005       0.0119       0.3025       0.1955
[101,]  0.56 0.0057      -0.0005       0.0120       0.3136       0.2027
[102,]  0.57 0.0057      -0.0006       0.0120       0.3249       0.2100
[103,]  0.58 0.0057      -0.0006       0.0121       0.3364       0.2174
[104,]  0.59 0.0058      -0.0007       0.0122       0.3481       0.2250
[105,]  0.60 0.0058      -0.0007       0.0122       0.3600       0.2327
[106,]  0.61 0.0058      -0.0008       0.0123       0.3721       0.2405
[107,]  0.62 0.0058      -0.0008       0.0124       0.3844       0.2485
[108,]  0.63 0.0058      -0.0009       0.0125       0.3969       0.2566
[109,]  0.64 0.0058      -0.0009       0.0126       0.4096       0.2648
[110,]  0.65 0.0058      -0.0010       0.0126       0.4225       0.2731
[111,]  0.66 0.0058      -0.0011       0.0127       0.4356       0.2816
[112,]  0.67 0.0058      -0.0011       0.0128       0.4489       0.2902
[113,]  0.68 0.0059      -0.0012       0.0129       0.4624       0.2989
[114,]  0.69 0.0059      -0.0013       0.0130       0.4761       0.3077
[115,]  0.70 0.0059      -0.0014       0.0131       0.4900       0.3167
[116,]  0.71 0.0059      -0.0015       0.0133       0.5041       0.3258
[117,]  0.72 0.0059      -0.0015       0.0134       0.5184       0.3351
[118,]  0.73 0.0059      -0.0016       0.0135       0.5329       0.3445
[119,]  0.74 0.0060      -0.0017       0.0137       0.5476       0.3540
[120,]  0.75 0.0060      -0.0019       0.0138       0.5625       0.3636
[121,]  0.76 0.0060      -0.0020       0.0140       0.5776       0.3734
[122,]  0.77 0.0060      -0.0021       0.0141       0.5929       0.3832
[123,]  0.78 0.0060      -0.0022       0.0143       0.6084       0.3933
[124,]  0.79 0.0061      -0.0024       0.0145       0.6241       0.4034
[125,]  0.80 0.0061      -0.0026       0.0147       0.6400       0.4137
[126,]  0.81 0.0061      -0.0027       0.0149       0.6561       0.4241
[127,]  0.82 0.0061      -0.0029       0.0152       0.6724       0.4346
[128,]  0.83 0.0062      -0.0031       0.0155       0.6889       0.4453
[129,]  0.84 0.0062      -0.0034       0.0157       0.7056       0.4561
[130,]  0.85 0.0062      -0.0036       0.0161       0.7225       0.4670
[131,]  0.86 0.0063      -0.0039       0.0164       0.7396       0.4781
[132,]  0.87 0.0063      -0.0042       0.0168       0.7569       0.4893
[133,]  0.88 0.0064      -0.0045       0.0173       0.7744       0.5006
[134,]  0.89 0.0064      -0.0049       0.0178       0.7921       0.5120
[135,]  0.90 0.0065      -0.0054       0.0184       0.8100       0.5236
[136,]  0.91 0.0065      -0.0060       0.0190       0.8281       0.5353
[137,]  0.92 0.0066      -0.0066       0.0198       0.8464       0.5471
[138,]  0.93 0.0067      -0.0074       0.0208       0.8649       0.5591
[139,]  0.94 0.0068      -0.0083       0.0220       0.8836       0.5712
[140,]  0.95 0.0070      -0.0096       0.0236       0.9025       0.5834
[141,]  0.96 0.0072      -0.0113       0.0257       0.9216       0.5957
[142,]  0.97 0.0075      -0.0138       0.0288       0.9409       0.6082
[143,]  0.98 0.0080      -0.0180       0.0340       0.9604       0.6208
[144,]  0.99 0.0091      -0.0276       0.0459       0.9801       0.6335

Rho at which ADE = 0: -0.99
R^2_M*R^2_Y* at which ADE = 0: 0.9801
R^2_M~R^2_Y~ at which ADE = 0: 0.6335 

