
Mediation Sensitivity Analysis for Average Causal Mediation Effect

Sensitivity Region

        Rho    ACME 95% CI Lower 95% CI Upper R^2_M*R^2_Y* R^2_M~R^2_Y~
 [1,] -0.02  0.0412      -0.0010       0.0834       0.0004       0.0003
 [2,] -0.01  0.0355      -0.0031       0.0742       0.0001       0.0001
 [3,]  0.00  0.0298      -0.0055       0.0651       0.0000       0.0000
 [4,]  0.01  0.0241      -0.0082       0.0564       0.0001       0.0001
 [5,]  0.02  0.0184      -0.0113       0.0481       0.0004       0.0003
 [6,]  0.03  0.0127      -0.0149       0.0404       0.0009       0.0007
 [7,]  0.04  0.0070      -0.0192       0.0333       0.0016       0.0012
 [8,]  0.05  0.0013      -0.0243       0.0270       0.0025       0.0019
 [9,]  0.06 -0.0044      -0.0303       0.0215       0.0036       0.0027
[10,]  0.07 -0.0101      -0.0370       0.0168       0.0049       0.0037
[11,]  0.08 -0.0159      -0.0446       0.0128       0.0064       0.0049
[12,]  0.09 -0.0216      -0.0527       0.0095       0.0081       0.0062
[13,]  0.10 -0.0274      -0.0614       0.0066       0.0100       0.0076
[14,]  0.11 -0.0332      -0.0704       0.0041       0.0121       0.0092
[15,]  0.12 -0.0390      -0.0798       0.0018       0.0144       0.0110

Rho at which ACME = 0: 0.05
R^2_M*R^2_Y* at which ACME = 0: 0.0025
R^2_M~R^2_Y~ at which ACME = 0: 0.0019 

