
Mediation Sensitivity Analysis for Average Causal Mediation Effect

Sensitivity Region

        Rho    ACME 95% CI Lower 95% CI Upper R^2_M*R^2_Y* R^2_M~R^2_Y~
 [1,] -0.02  0.0416      -0.0011       0.0843       0.0004       0.0003
 [2,] -0.01  0.0360      -0.0031       0.0750       0.0001       0.0001
 [3,]  0.00  0.0304      -0.0052       0.0660       0.0000       0.0000
 [4,]  0.01  0.0248      -0.0077       0.0573       0.0001       0.0001
 [5,]  0.02  0.0192      -0.0105       0.0490       0.0004       0.0003
 [6,]  0.03  0.0136      -0.0139       0.0412       0.0009       0.0007
 [7,]  0.04  0.0080      -0.0180       0.0340       0.0016       0.0012
 [8,]  0.05  0.0024      -0.0228       0.0277       0.0025       0.0018
 [9,]  0.06 -0.0032      -0.0284       0.0221       0.0036       0.0026
[10,]  0.07 -0.0088      -0.0350       0.0174       0.0049       0.0036
[11,]  0.08 -0.0144      -0.0423       0.0134       0.0064       0.0047
[12,]  0.09 -0.0201      -0.0502       0.0101       0.0081       0.0059
[13,]  0.10 -0.0257      -0.0587       0.0073       0.0100       0.0073
[14,]  0.11 -0.0314      -0.0676       0.0048       0.0121       0.0088
[15,]  0.12 -0.0371      -0.0769       0.0027       0.0144       0.0105
[16,]  0.13 -0.0428      -0.0864       0.0007       0.0169       0.0123

Rho at which ACME = 0: 0.05
R^2_M*R^2_Y* at which ACME = 0: 0.0025
R^2_M~R^2_Y~ at which ACME = 0: 0.0018 

